91982271064
91989377502
91980216652
91999064960
91989734726
91996188095
91989213686
91988707495
91989290004
91989441929
91981273369
91981481038
91981143909
91980238937
9181905760
91985114130
91998041288
91982866289
91981594794
91993797495
91988564012
91983389154
91996043152
91989931341
81987975069
91982902457
91980559675
9193239622
91985440166
91985454340
91981803546
99992241913
91981197936
91984939538
91980830236
91983070525
9183441186
91981411688
91980329127
91982069248
91880489309
91983584291
91989452645
91988946639
91984761908
91989967486
91991976586
91998083333
91982217361
91981782474
91982028270
91988297165
91988505196
91993694141
91985502838
81987137947
81984348196
91989433024
81994584611
91998271216
91981799362
91980862770
81986871757
91983856881
81986568265
91983796707
91984953848
91984875024
81997948671
81988544193
91991246001
91982481849
81985970871
8197666369
81983052296
88996781983
88988176399
88996093021
81985685449
88988283286
81997424410
91988336974
88997063197
88998579634
91985242059
91984001016
91998092251
91980940201
91984752220
91980948928
91993776128
91985237122
91981231818
91981122999
91984457337
91982411269
91981389265
91981612610
91991797167
91982054250
91981466080
91983499693
91983895673
91998130765
91998274247
91999635592
91980129331
91998222727
91998327232
91998134350
91999121294
91981619650
91998146233
91999967979
91998146186
91998313627
91998259048
91981261350
91982807794
91998365243
91998118661
9130581048
91985625897
91998322015
91998875874
91988738804
91999191183
91998077496
91980327938
91981971793
91982646600
91993880278
91987122254
91989924245
91981353508
91981981943
91987667960
91989489472
91991181352
91998151207
91988338423
91982329852
91982586547
91985049318
91981240722
91985426266
91981555993
9180419554
91983663430
91981490116
91982304025
91981161008
9189521250
91984565125
91982394045
91983510272
91993061985
91981682491
91982718489
91993499288
91989601021
91988343701
91980869048
91996124334
91980329367
91988772651
91983701022
91996153031
91981473170
91983615403
91993098223
91982521069
91983276406
91980330107
91987031902
91980551744
91984967373
91987596010
91982386038
91988422946
91996188111
91982798519
91982044030
91988048941
91981200413
91981390602
91981798369
91980941501
91981908942
91988286606
91984503017
91991445575
91993565945
91980368356
91984515624
91980935155
91981447294
91982982350
91981999115
91980282787
91987174564
91983644301
91980730377
91998343950
91983899442
91985205577
91982644007
91988179338
91984910092
91988756307
91982290210
91987654769
91981507961
91980803456
91989569969
91992241913
91984962187
91988738530
9188688513
91982187510
91999936641
91988769602
91989394011
91981920402
981909028
91996276416
91985256477
91981378947
91981081359
91989332248
91982019466
85999103334
91991780640
91981562701
91982528060
9198116050
91984234337
91981236268
91988586315
91981334817
91988552969
91989942001
91983997622
91984592538
91989542281
91981640395
91980929555
91987114300
91982317657
91985304557
9182864064
91983929790
91989724291
91982905701
91988506548
91988113387
91992137501
91989800405
91983682832
91983241505
91981915004
91991253040
91987470938
91989023512
91999136258
91985454655
91983577722
91992742140
91984188737
91983802645
91984679386
91988949554
91989745211
91980910679
55987571223
91980592142
91982997804
91989967616
91988527004
91991009934
91982149294
91981450919
91989026593
91980387748
91982855970
91982621455
91992542946
91981462301
81987300192
91982343617
91989605498
91998354110
91981731939
91980342848
91981757412
91980276483
91981074954
91985423835
91999828513
91983200053
91985233743
91992921299
91993496925
91981381731
91998130182
91983857588
91981701334
91981582870
91987590570
91981239818
91985126390
91981872297
91988477604
91984810129
91988942214
91984613236
91983713342
91991127225
91982215177
91982210017
91980532519
91982112305
91984711574
91981594337
91993541698
91981659715
91985831464
91993711967
91982809023
91993314602
91999877799
91993280730
91991742113
91981773498
91988017515
91988122602
91980965622
91982415149
91981613764
91981548116
91982623210
91987174563
91988446710
91981345858
91980770099
91982266626
91981235662
91981964933
91982120242
91989030731
91981985526
91983465809
91982777529
91980958246
91980327106
91982488759
91989430067
91983560127
91983475126
91980386833
91996238885
91983974738
91981555453
91982313379
91981559758
91981517029
91988650512
91983101822
91981291731
91999683131
91993254113
91981830674
81988548839
91985237100
91984692364
91980336918
91988590247
91980296386
81997908125
91982080882
91982513124
91981982841
91981639955
91996164279
91985554516
91984862923
91984101869
91980866366
91981556155
91920006666
91984836518
81984252517
91982696519
91985149258
91982060547
91991699575
91984586395
91988906634
91981268699
91988272665
91984843106
91980997130
91982099091
91981458830
91981507180
91981228612

91980465881
91983373181
91983588743
91991964080
91981714241
91988940263
91980656808
91981187375
9180676561
9132594114
91980447886
91980460470
91981575195
91981767329
9131202204
91991952633
81997723631
91983153705
9132765372
9180475116
91987234762
91988335112
91981087682
99993314473
91993665969
91985319666
91980293708
91996014047
9180684031
91982291984
9132634743
91981653587
91985258674
91993394388
91988811830
91996145486
91999657592
91981796300
91985218460
91981337649
91982611240
91996310403
91980381272
91982252123
81987110975
81982631775
91987431202
81985643931
91989271216
91989280363
81987008759
91998091925
81988490315
91981425918
91989933644
91989594625
81988586789
81988043144
91981984975
91982481739
81995259801
8195480461
81987124905
88999655476
88993793468
81985004240
889021118
81998485106
91937761135
88999045309
88997524037
91984091859
91982227344
91982606762
91992698158
91983413960
91982253289
91985401695
91991446932
91983656970
91996377935
91982379041
91998161965
91983414592
91982503066
91985599460
91984876654
91980610249
91984429603
91985351379
91999686070
9182982298
9132633203
91980263751
9132178150
91985129512
91991364671
91988332201
91981225422
91980364830
91991951207
91988823070
91982717701
9132592352
91983007324
9132435126
91983524078
91988876354
9132336884
9132447146
91987231178
91992466171
91988166714
91983296835
91996027149
91981675456
91988255113
91992513611
91981237492
91982630332
91992454825
91983158532
91981704760
91981538565
91987626291
91985030502
91982410688
9132294528
9132694995
9130731485
91993009249
91989644152
91980584302
91981134496
91991847366
91982009232
91996210927
9132311449
91982198105
91998017006
91981857685
91985626875
91932577138
99991177007
9132781030
9132353385
91981854612
91987083211
91999815856
91999981585
91982337493
91982789920
9130878854
91981024788
91981106063
91981682628
9132436703
91980510089
91989331086
91987348234
9133473489
91988473106
91988485415
91982068469
91985451325
91987049987
91999637888
61998271960
9132338430
91980572767
91985041406
91982844771
91981883367
91980545987
91991901061
91988200919
91984347389
91980436313
91982656616
91982107883
91987571223
91996371103
91983596485
91998023111
91981278041
91991020099
91989496024
91981338787
91996320117
91981789019
91983372957
9132337701
9184178628
91989582698
8134536343
91983577550
91982775207
91987354295
91987429491
91988481160
91981641253
91989650423
91981281185
9132313957
91988350347
91992442770
91981355866
9132791180
91980553741
91982153199
91981393227
91981210854
91988681437
9132337092
9132872440
91987451720
91981993586
91985242498
91998375786
91985366371
91992681131
9181136523
91980123249
91981294784
91996318373
982927053
91992112114
91984003693
91980237742
91980503204
91984986374
91981300735
91980550025
91991085345
919
91981886361
91984577155
91999716688
91998084446
91981848783
91984068115
9188963397
91989048995
91987490024
9132292862
91983287893
91983634658
91981367930
91982478803
91981809877
91992987101
91998315608
91980613408
91983616206
91980986695
91982317579
91981344781
91088373767
91988194700
91989541276
91992441965
91983229899
981555453
91998182720
982133471
91982456221
91980917282
91984999055
91980727769
9132499755
81986705490
91985588828
91988048877
91983044950
91988849161
91980705454
91982208837
9132126892
9132297113
91981907632
91984251516
91980331425
91988534271
91983801126
91920004502
91984902267
81985544111
91999493537
91980898209
91992090677
91993736586
91982239111
91998260189
91984053154
91981333577
91987082687

